Train : 0.6960352422907489
Test : 0.7105263157894737
